Bias Standardized.fitness Adjusted.fitness Hit
false    7.333872 0.11999225 7
false    1.9434917 0.33973256 17
false    1.2743001 0.43969572 21
false    4.6307054 0.17759764 5
false    7.5717096 0.11666284 7
false    5.2426524 0.16018832 8
false    3.61055 0.21689387 7
false    3.730991 0.21137221 8
false    1.6585385 0.37614655 15
false    2.9227276 0.25492465 16
false    4.8503265 0.17093062 6
false    4.4170012 0.18460399 11
false    4.53001 0.18083149 12
false    2.3617704 0.2974623 18
false    1.774119 0.36047482 9
false    6.822179 0.12784162 7
false    3.7190096 0.21190888 12
false    4.2227616 0.19146958 8
false    8.787836 0.10216763 5
false    1.7019136 0.37010807 14
false    1.0451165 0.4889697 25
false    8.124321 0.1095972 5
false    1.8628311 0.3493046 20
false    3.032908 0.24796003 8
false    0.6684078 0.5993738 40
false    1.7579318 0.36259055 29
false    2.3041878 0.30264625 19
false    1.6437508 0.3782505 15
false    1.157793 0.46343648 33
false    2.9943128 0.25035596 8
false    3.8186383 0.2075275 7
false    1.4559101 0.40718102 15
false    2.9274118 0.2546206 12
false    5.4130983 0.15593088 4
false    6.2636805 0.13767125 7
false    2.9239986 0.2548421 20
false    2.975452 0.25154373 18
false    2.264583 0.30631784 13
false    2.2020156 0.31230327 18
false    3.198177 0.23819861 15
false    3.9698162 0.20121469 7
false    1.7896901 0.35846278 13
false    1.4058825 0.41564792 27
false    15.335256 0.06121729 2
false    2.5523362 0.2815049 14
false    9.026673 0.09973398 3
false    1.3661128 0.42263412 27
false    6.5830617 0.13187286 3
false    1.8318781 0.35312253 12
false    4.445194 0.1836482 4
false    2.623512 0.27597535 7
false    2.074158 0.32529232 15
false    1.0595416 0.48554492 22
false    4.3942623 0.18538216 4
false    1.089696 0.4785385 30
false    3.568723 0.21887955 20
false    12.863721 0.07213071 6
false    1.5292422 0.39537537 24
false    5.450107 0.15503618 5
false    2.0430326 0.32861954 21
false    1.5869449 0.38655633 16
false    3.2700472 0.23418945 5
false    5.043298 0.16547257 5
false    1.2284873 0.4487349 17
false    6.331962 0.13638914 11
false    2.0006785 0.33325794 12
false    2.9216444 0.25499508 19
false    5.399498 0.15626226 7
false    2.554949 0.28129798 6
false    1.4053915 0.41573274 17
false    2.9165947 0.25532383 10
false    4.016086 0.19935861 13
false    4.494287 0.18200724 6
false    1.4756293 0.4039377 16
false    8.656101 0.10356147 8
false    2.5571353 0.2811251 17
false    1.4329778 0.41101897 22
false    5.985419 0.14315534 7
false    3.0738134 0.24547026 12
false    1.7340816 0.3657535 25
false    5.1707864 0.1620539 4
false    0.33798194 0.74739426 53
false    5.30702 0.15855348 11
false    4.7969837 0.1725035 6
false    3.8775618 0.20502047 9
false    8.106108 0.1098164 5
false    3.6454704 0.21526344 7
false    6.7667994 0.12875317 3
false    1.2624989 0.44198918 19
false    2.7088933 0.2696222 10
false    4.308825 0.1883656 5
false    5.5877333 0.15179728 4
false    4.072524 0.19714051 17
false    2.2628608 0.3064795 11
false    3.2328408 0.23624797 9
false    2.601259 0.27768067 14
false    3.432 0.22563176 7
false    2.5683777 0.2802394 9
false    1.5111088 0.39823043 24
false    1.205728 0.45336506 22
true    1.5411046 0.39352965 18
true    1.5811671 0.38742164 11
true    0.9354499 0.5166758 28
true    3.7567115 0.21022928 15
true    0.72453845 0.5798653 41
true    0.92414427 0.51971155 21
true    4.41024 0.18483467 4
true    2.4847145 0.28696755 8
true    9.64917 0.09390403 8
true    1.0696981 0.48316225 26
true    2.678152 0.27187565 10
true    3.5404055 0.22024466 10
true    6.136397 0.14012673 4
true    1.4570965 0.40698442 28
true    9.901036 0.091734394 4
true    1.4020785 0.4163061 22
true    1.7561322 0.3628273 21
true    1.7708602 0.36089876 17
true    1.2427431 0.44588256 26
true    3.024756 0.24846227 6
true    0.8279562 0.54705906 23
true    0.9707072 0.50743204 26
true    2.3111444 0.3020104 24
true    0.8903329 0.5290073 23
true    0.55987453 0.6410772 49
true    8.796802 0.10207413 3
true    9.13201 0.098697096 2
true    1.5585144 0.39085183 16
true    3.2277856 0.23653044 19
true    1.1535432 0.46435103 29
true    5.5491605 0.15269132 9
true    1.9637179 0.33741403 17
true    1.17591 0.45957783 17
true    6.2302876 0.13830708 13
true    1.7668294 0.3614245 20
true    3.67444 0.21392937 16
true    0.7727429 0.5640976 30
true    1.413758 0.41429174 24
true    0.884799 0.53056055 26
true    1.2106912 0.45234722 19
true    1.7395066 0.36502922 26
true    2.402527 0.2938992 26
true    2.1182544 0.32069224 16
true    2.1958961 0.3129013 16
true    3.0944135 0.2442352 7
true    3.8019161 0.2082502 6
true    1.6461085 0.37791345 12
true    2.0703628 0.3256944 12
true    1.9177139 0.3427341 15
true    14.48068 0.064596646 4
true    3.0775943 0.24524264 14
true    1.2251967 0.44939846 38
true    1.0199724 0.4950563 30
true    5.240987 0.16023107 3
true    2.1656437 0.31589153 21
true    6.7094007 0.12971176 4
true    3.534421 0.22053532 11
true    0.5586762 0.64157003 47
true    3.0641372 0.24605466 7
true    1.6007956 0.3844977 24
true    1.0344291 0.4915384 31
true    1.9210263 0.34234545 27
true    0.99699473 0.50075245 25
true    2.2254586 0.31003344 22
true    1.9098717 0.3436578 9
true    2.1583188 0.31662416 25
true    1.0927539 0.47783926 23
true    3.3825169 0.22817938 7
true    6.3913574 0.13529314 9
true    2.463266 0.2887448 29
true    4.2516723 0.19041553 5
true    4.5593686 0.17987654 8
true    3.7101922 0.21230556 5
true    0.9058209 0.5247083 38
true    0.9074108 0.5242709 25
true    0.4570266 0.68632925 55
true    1.4913672 0.40138602 24
true    2.8425012 0.26024717 10
true    1.9809606 0.33546233 20
true    3.785535 0.20896305 15
true    3.7398994 0.21097493 23
true    1.341725 0.42703566 27
true    2.591958 0.27839968 7
true    2.1750114 0.3149595 25
true    1.9380484 0.34036198 28
true    3.3985887 0.22734565 7
true    2.1956851 0.31292194 20
true    0.8133159 0.5514759 31
true    8.227719 0.10836914 1
true    2.5965548 0.27804387 14
true    1.6785278 0.3733394 26
true    2.0816538 0.32450107 10
true    2.0172822 0.3314241 19
true    1.9408998 0.34003198 13
true    3.844881 0.20640342 7
true    3.9363468 0.20257895 20
true    6.70556 0.12977642 8
true    2.7473104 0.26685807 20
true    3.6447861 0.21529518 12
true    2.4808145 0.28728908 14