Bias Standardized.fitness Adjusted.fitness Hits
false   1.0 0.5 88
true   8.0 0.11111111 81
false   0.0 1.0 89
true   2.0 0.33333334 87
false   18.0 0.05263158 71
true   3.0 0.25 86
false   29.0 0.033333335 60
true   21.0 0.045454547 68
false   2.0 0.33333334 87
true   26.0 0.037037037 63
false   10.0 0.09090909 79
true   9.0 0.1 80
false   0.0 1.0 89
true   0.0 1.0 89
false   9.0 0.1 80
true   25.0 0.03846154 64
false   8.0 0.11111111 81
true   22.0 0.04347826 67
false   0.0 1.0 89
true   2.0 0.33333334 87
false   26.0 0.037037037 63
true   26.0 0.037037037 63
false   0.0 1.0 89
true   27.0 0.035714287 62
false   5.0 0.16666667 84
true   10.0 0.09090909 79
false   0.0 1.0 89
true   14.0 0.06666667 75
false   5.0 0.16666667 84
true   31.0 0.03125 58
false   0.0 1.0 89
true   27.0 0.035714287 62
false   12.0 0.07692308 77
true   0.0 1.0 89
false   33.0 0.029411765 56
true   18.0 0.05263158 71
false   3.0 0.25 86
true   5.0 0.16666667 84
false   29.0 0.033333335 60
true   5.0 0.16666667 84
false   10.0 0.09090909 79
true   27.0 0.035714287 62
false   19.0 0.05 70
true   4.0 0.2 85
false   0.0 1.0 89
true   27.0 0.035714287 62
false   0.0 1.0 89
true   6.0 0.14285715 83
false   0.0 1.0 89
true   29.0 0.033333335 60
false   0.0 1.0 89
true   4.0 0.2 85
false   22.0 0.04347826 67
true   2.0 0.33333334 87
false   27.0 0.035714287 62
true   32.0 0.030303031 57
false   0.0 1.0 89
true   0.0 1.0 89
false   4.0 0.2 85
true   25.0 0.03846154 64
false   0.0 1.0 89
true   0.0 1.0 89
false   0.0 1.0 89
true   24.0 0.04 65
false   5.0 0.16666667 84
true   5.0 0.16666667 84
false   0.0 1.0 89
true   15.0 0.0625 74
false   26.0 0.037037037 63
true   4.0 0.2 85
false   27.0 0.035714287 62
true   3.0 0.25 86
false   23.0 0.041666668 66
true   18.0 0.05263158 71
false   20.0 0.04761905 69
true   0.0 1.0 89
false   13.0 0.071428575 76
true   10.0 0.09090909 79
false   27.0 0.035714287 62
true   20.0 0.04761905 69
false   21.0 0.045454547 68
true   0.0 1.0 89
false   0.0 1.0 89
true   27.0 0.035714287 62
false   8.0 0.11111111 81
true   0.0 1.0 89
false   0.0 1.0 89
true   16.0 0.05882353 73
false   4.0 0.2 85
true   0.0 1.0 89
false   0.0 1.0 89
true   0.0 1.0 89
false   26.0 0.037037037 63
true   0.0 1.0 89
false   8.0 0.11111111 81
true   5.0 0.16666667 84
false   5.0 0.16666667 84
true   2.0 0.33333334 87
false   24.0 0.04 65
true   0.0 1.0 89
false   0.0 1.0 89
true   26.0 0.037037037 63
false   0.0 1.0 89
true   0.0 1.0 89
false   18.0 0.05263158 71
true   32.0 0.030303031 57
false   0.0 1.0 89
true   7.0 0.125 82
false   27.0 0.035714287 62
true   0.0 1.0 89
false   0.0 1.0 89
true   31.0 0.03125 58
false   4.0 0.2 85
true   0.0 1.0 89
false   25.0 0.03846154 64
true   22.0 0.04347826 67
false   24.0 0.04 65
true   0.0 1.0 89
false   10.0 0.09090909 79
true   24.0 0.04 65
false   18.0 0.05263158 71
true   10.0 0.09090909 79
false   0.0 1.0 89
true   5.0 0.16666667 84
false   15.0 0.0625 74
true   0.0 1.0 89
false   0.0 1.0 89
true   24.0 0.04 65
false   9.0 0.1 80
true   4.0 0.2 85
false   22.0 0.04347826 67
true   27.0 0.035714287 62
false   6.0 0.14285715 83
true   0.0 1.0 89
false   0.0 1.0 89
true   10.0 0.09090909 79
false   0.0 1.0 89
true   0.0 1.0 89
false   28.0 0.03448276 61
true   5.0 0.16666667 84
false   11.0 0.083333336 78
true   26.0 0.037037037 63
false   0.0 1.0 89
true   22.0 0.04347826 67
false   21.0 0.045454547 68
true   0.0 1.0 89
false   13.0 0.071428575 76
true   0.0 1.0 89
false   4.0 0.2 85
true   0.0 1.0 89
false   0.0 1.0 89
true   2.0 0.33333334 87
false   0.0 1.0 89
true   9.0 0.1 80
false   0.0 1.0 89
true   17.0 0.055555556 72
false   0.0 1.0 89
true   0.0 1.0 89
false   4.0 0.2 85
true   0.0 1.0 89
false   11.0 0.083333336 78
true   0.0 1.0 89
false   26.0 0.037037037 63
true   36.0 0.027027028 53
false   2.0 0.33333334 87
true   4.0 0.2 85
false   30.0 0.032258064 59
true   16.0 0.05882353 73
false   0.0 1.0 89
true   17.0 0.055555556 72
false   0.0 1.0 89
true   0.0 1.0 89
false   3.0 0.25 86
true   20.0 0.04761905 69
false   0.0 1.0 89
true   3.0 0.25 86
false   2.0 0.33333334 87
true   0.0 1.0 89
false   23.0 0.041666668 66
true   0.0 1.0 89
false   0.0 1.0 89
true   27.0 0.035714287 62
false   0.0 1.0 89
true   5.0 0.16666667 84
false   4.0 0.2 85
true   0.0 1.0 89
false   0.0 1.0 89
true   20.0 0.04761905 69
false   4.0 0.2 85
true   0.0 1.0 89
false   0.0 1.0 89
true   20.0 0.04761905 69
false   0.0 1.0 89
true   23.0 0.041666668 66
false   19.0 0.05 70
true   0.0 1.0 89
false   0.0 1.0 89
true   27.0 0.035714287 62
false   27.0 0.035714287 62
true   0.0 1.0 89
