Bias Standardized.fitness Adjusted.fitness Hits
false   3.9987457 0.20005018 5
true   3.9253254 0.20303227 15
false   4.6206427 0.1779156 10
true   7.1828 0.12220755 2
false   1.588218 0.38636622 17
true   1.4597529 0.40654486 16
false   4.805358 0.17225467 4
true   3.2470756 0.23545614 7
false   2.352989 0.29824138 10
true   4.67491 0.17621425 12
false   3.6431377 0.2153716 27
true   8.086195 0.11005707 21
false   1.9898378 0.3344663 30
true   1.64733 0.37773907 15
false   3.9994123 0.2000235 4
true   1.6331109 0.3797789 23
false   0.5967689 0.6262647 47
true   4.5378466 0.18057561 4
false   3.8242755 0.20728502 8
true   1.9328195 0.34096885 15
false   2.7529619 0.26645622 12
true   1.6035292 0.38409403 26
false   3.2212856 0.23689464 6
true   1.7996299 0.35719007 19
false   2.748622 0.2667647 8
true   4.707022 0.17522272 13
false   1.3508334 0.42538106 16
true   2.449 0.28993914 6
false   3.765414 0.20984535 11
true   0.7626285 0.56733453 40
false   1.400582 0.4165657 16
true   4.377439 0.18596213 17
false   3.7561085 0.21025594 7
true   7.656543 0.11551956 17
false   2.129051 0.3195857 21
true   1.7921293 0.35814962 33
false   0.88134396 0.5315349 28
true   0.9208941 0.5205909 27
false   2.0344393 0.32955018 12
true   1.2680155 0.44091412 27
false   1.891402 0.34585297 16
true   2.4226806 0.29216865 19
false   6.790745 0.12835744 18
true   1.2532359 0.4438062 20
false   1.9238378 0.34201625 13
true   2.242678 0.3083871 14
false   7.047665 0.12425965 21
true   3.0670211 0.24588019 5
false   3.844178 0.20643337 11
true   6.159317 0.13967814 5
false   5.746298 0.14822945 5
true   5.7851124 0.1473815 6
false   2.3721366 0.2965479 17
true   2.4711897 0.28808567 10
false   4.2724147 0.18966642 8
true   4.7858586 0.1728352 17
false   3.398194 0.22736603 12
true   2.6507123 0.27391917 6
false   5.7747746 0.14760639 17
true   0.7905467 0.55848867 27
false   3.0815172 0.24500693 7
true   4.8121023 0.17205478 12
false   5.35037 0.15747114 7
true   3.5680163 0.21891342 8
false   3.1415827 0.2414536 6
true   2.1795611 0.31450883 23
false   8.744591 0.102621034 3
true   1.5757539 0.38823584 19
false   4.953269 0.16797493 7
true   0.81306636 0.5515518 27
false   0.9995259 0.50011855 20
true   1.9684991 0.33687055 11
false   4.302097 0.18860462 5
true   1.171164 0.46058244 22
false   1.053658 0.486936 24
true   1.8528426 0.35052758 29
false   7.2242684 0.12159137 3
true   1.6452858 0.378031 24
false   2.6554022 0.2735677 18
true   1.9422385 0.3398773 19
false   5.275733 0.15934394 4
true   6.159671 0.13967122 2
false   3.647811 0.21515505 7
true   2.8792772 0.25778 11
false   2.8212209 0.26169646 17
true   4.250517 0.19045743 10
false   1.9056095 0.34416187 24
true   3.1449978 0.24125466 7
false   8.051874 0.11047436 3
true   5.173287 0.16198826 5
false   2.4881496 0.28668496 8
true   1.7402285 0.36493304 12
false   6.3915186 0.13529019 7
true   3.4122624 0.2266411 5
false   3.6260867 0.21616542 7
true   3.0898318 0.24450883 22
false   1.1762388 0.4595084 18
true   1.1592396 0.46312597 32
false   2.8488553 0.2598175 19
true   7.1310062 0.12298601 4
false   4.759456 0.17362751 9
true   3.6014729 0.21732172 5
false   1.6943557 0.37114623 14
true   4.7997174 0.1724222 6
false   3.0278506 0.24827138 11
true   1.4872679 0.40204754 23
false   1.3340925 0.42843202 14
true   0.17210767 0.8531639 59
false   4.0718336 0.19716735 12
true   2.8253338 0.2614151 14
false   7.8565903 0.11291027 8
true   1.4045204 0.41588333 23
false   2.8470058 0.2599424 21
true   1.1045812 0.4751539 21
false   3.3809636 0.2282603 8
true   2.7477047 0.26683 7
false   2.348707 0.29862273 15
true   5.4881086 0.15412812 6
false   4.6538153 0.17687172 4
true   3.732409 0.21130887 7
false   1.786455 0.3588789 29
true   2.1767712 0.31478503 8
false   6.271965 0.13751441 4
true   2.8954484 0.25670984 11
false   2.8053856 0.26278546 9
true   1.8668445 0.34881556 16
false   4.142892 0.19444314 4
true   2.6939144 0.27071553 7
false   9.528098 0.09498392 9
true   3.3907316 0.22775246 27
false   1.4173434 0.41367728 18
true   0.9902157 0.5024581 26
false   1.7344209 0.36570817 11
true   2.4729497 0.28793967 11
false   1.0078552 0.4980439 34
true   2.2039359 0.31211612 17
false   1.1676623 0.4613265 30
true   2.4089475 0.2933457 8
false   1.9947733 0.33391508 27
true   7.1258774 0.12306363 25
false   3.7967887 0.2084728 5
true   3.4816172 0.22313374 23
false   4.9974732 0.16673689 5
true   3.2063591 0.2377353 12
false   3.401853 0.22717705 7
true   1.2211102 0.45022526 36
false   1.2180616 0.45084414 23
true   2.6280732 0.2756284 4
false   10.491587 0.08702019 2
true   1.9743218 0.3362111 15
false   1.2642177 0.4416536 29
true   0.73278266 0.5771064 33
false   3.5922134 0.2177599 14
true   2.6352956 0.2750808 16
false   2.093948 0.32321164 30
true   10.188359 0.08937861 14
false   1.9031451 0.34445402 16
true   2.7450283 0.26702067 7
false   2.410703 0.29319468 13
true   11.201689 0.081955865 7
false   1.1110688 0.47369373 33
true   5.4089994 0.1560306 8
false   2.644222 0.274407 11
true   4.734815 0.17437354 12
false   1.4346049 0.41074428 23
true   0.82358426 0.5483706 24
false   6.5270977 0.13285333 4
true   5.110483 0.16365318 4
false   1.7549552 0.3629823 12
true   2.5543487 0.2813455 11
false   3.4799123 0.22321865 13
true   1.8211669 0.35446325 11
false   0.81539935 0.55084294 32
true   1.4888498 0.40179205 31
false   1.0385282 0.49054998 20
true   1.478027 0.40354687 15
false   2.1991894 0.31257918 10
true   1.219703 0.45051074 24
false   2.2065847 0.3118583 15
true   2.004411 0.33284393 17
false   3.074307 0.24544051 7
true   1.7076334 0.3693262 27
false   6.109666 0.14065358 10
true   3.8443813 0.20642471 2
false   3.5931253 0.21771668 8
true   2.268256 0.3059736 10
false   4.4356465 0.18397075 5
true   1.7574931 0.36264825 16
false   3.2578614 0.2348597 5
true   1.1993986 0.45466977 40
false   3.5999668 0.21739286 10
true   2.4142973 0.29288602 10
false   4.807234 0.17219903 17
true   2.1128879 0.3212451 12
false   7.0326033 0.124492645 5
true   1.3090293 0.4330824 15
false   6.94355 0.1258883 2
true   2.5503252 0.28166434 18
false   2.2722769 0.3055976 14
true   1.9821053 0.33533356 24
